2282.83294
1710.118205
1901.569029
1974.163763
1961.304475
1457.275809
1930.346705
1043.058302
1637.409964
927.0910795
2028.528055
1627.501256
1790.95448
1112.133101
1018.630177
2204.429547
856.697198
1370.186601
1545.784862
1673.423188
1238.482711
1262.236598
1228.399204
1209.321204
1720.276485
1688.679475
1356.646508
1819.914275
1293.606194
783.5187664
1773.672231
1102.355698
1157.773268
1152.635736
1058.744043
817.9971967
1211.480681
1831.894926
1559.888038
696.3075911
932.1159506
1829.775887
1638.563706
1641.021984
1301.108925
1217.178313
1207.995637
1902.917095
1067.246431
1627.267559
1603.400261
1885.208642
1321.7677
1762.157051
833.4724539
2503.388744
1353.678222
1709.635217
1892.145954
911.673837
1909.78024
918.4996012
584.5327982
1464.3016
977.5451638
1597.283003
2136.082452
1086.572174
1572.56608
1596.341787
1402.408452
1088.901176
2011.317411
1562.51427
2212.852278
550.0968471
732.2957817
1127.504244
2232.230648
2397.254927
1597.140211
1611.067277
1182.502309
1437.720521
1236.980032
1048.738339
1505.859714
644.5665434
1516.634589
2120.396626
1528.510352
1181.869315
436.5216402
1706.854899
1593.025875
2319.071933
1421.871098
2041.950198
1665.290529
1460.08212
1757.399612
1591.305829
2459.948454
1352.326708
1162.089177
1391.267571
1464.236008
1093.616072
593.8923933
857.2548524
1470.836516
2253.713624
1310.38656
1502.706585
1876.280033
394.9098923
1815.726641
1562.033016
1630.594809
1816.50357
1718.868343
1619.877687
1730.258677
1550.602079
2173.532954
2254.601519
1850.271134
2051.642631
1917.227879
2139.615771
1733.99826
956.0644847
1165.279894
1764.61028
1336.02234
1784.003118
1669.476842
2075.158086
1547.607054
1383.541168
892.5190929
1115.769154
1976.421024
924.046311
2197.376227
1232.580586
866.5894575
1080.35369
1289.975108
1713.677622
1548.940402
765.2108742
1396.173593
1333.293496
2158.711927
1887.544306
2132.707023
1746.853444
1223.616434
1258.809974
991.6026801
1953.253847
75.57853552
1364.831051
1644.140231
1443.720288
1369.993294
1278.564648
1189.287426
2634.789346
1184.850057
2325.317102
2392.412025
1609.829155
2075.921219
1459.301806
1155.645827
606.6111821
1474.290069
1532.094723
2033.966038
2053.726107
1632.155761
1092.565779
1307.999684
1088.693163
557.0053596
1164.54634
2086.50229
1360.542255
1769.539316
2004.681081
1482.86628
2156.557657
1506.638669
1440.494071
1817.129697
2353.233856
1160.545415
694.9203424
2088.493731
1240.261559
1289.259275
1297.99988
2140.200022
1022.136129
839.7164819
564.5938367
1456.594564
1863.83628
1814.233626
2206.088801
2110.907413
1226.64099
1695.376345
1317.069083
1551.474207
1600.852524
1346.660803
1159.906432
1609.016921
2006.322996
2361.196448
1451.022672
1439.24361
1487.581432
2305.147742
1868.512952
1323.536238
1258.586268
1039.562316
1210.169207
369.6830244
421.4443607
1641.256785
2096.077264
876.9864939
713.9385836
1869.284678
1372.456883
755.6842913
1512.951325
2456.305688
1577.467918
1340.318289
853.5108904
1301.734897
1462.219724
1331.335219
1826.047531
1007.13473
1573.018523
2145.646858
1723.352717
966.0471577
1227.181482
1471.466829
2181.814182
1052.988762
1482.407342
2082.432122
2122.200807
982.8464008
1414.797362
1497.961844
1665.359298
1067.118176
906.0580025
1489.027633
645.7977547
2420.152322
1519.169569
2361.517506
529.3736343
850.5177387
1732.185414
877.6152242
618.4984915
1568.120466
1993.887511
1434.824387
1771.104278
889.0039105
1302.817715
1087.733557
940.7134685
1818.801402
999.7777133
1161.22028
2267.932215
1587.760935
1162.896342
1002.272983
873.0785367
2183.019358
500.2011773
849.9376924
350.3818483
1685.445156
1732.866961
1622.878533
2085.041741
1337.755266
2531.081883
1285.96934
1880.235756
1690.209776
1691.341316
2099.622855
869.6031558
2219.926552
1008.323215
1416.936014
960.2289571
2009.386258
1982.13764
647.5101678
2164.200332
1705.717597
1219.446364
1338.620505
1723.836221
1416.249751
1987.800614
1248.945947
1411.429918
1493.459397
1856.055709
1367.311612
1131.440935
2211.094951
1723.502723
1092.047467
1576.841356
872.7629306
1480.538291
1357.381286
441.5597567
1103.732452
2098.100939
34.94452167
1029.545122
1286.795225
804.8967197
2266.369408
1692.784355
1894.087929
1179.506828
1556.274563
1943.506731
1910.850611
1430.95468
1591.17014
1772.239083
1518.093882
962.249453
1773.599711
1146.947934
929.9591464
1298.952324
1579.199324
2569.396913
1996.940342
1239.160347
1747.222676
1940.36008
1234.570763
2426.272813
2286.544621
1037.070547
340.296177
1785.0865
2263.680506
2100.827929
2522.047285
518.2445542
1439.609687
856.4545419
1661.458143
915.8646559
1418.22187
2390.951053
1193.417647
1269.849478
1562.564729
1453.704176
1397.035734
318.7908178
2908.744993
1384.934212
1396.024631
1398.527189
1092.686031
1889.134413
1564.441226
1678.412814
1657.101071
1886.402649
1049.166119
1428.458119
664.9455913
1156.181709
968.296411
1839.965428
1807.684609
2035.305401
1817.322733
1874.825996
2077.789105
1200.864762
1200.036506
2016.134946
1440.199561
1050.561484
1990.255255
1875.307491
1432.085743
2461.871077
1054.535521
1502.123914
2373.081146
159.049141
358.1293594
1068.151164
1422.78107
1284.320616
1029.686316
2046.545286
1029.376167
1960.372569
1537.004934
1058.206369
1703.975829
2389.118497
1088.141918
2050.458524
1349.525764
2698.715068
1368.213964
2192.604705
2067.043126
1823.440552
838.5526019
1573.24275
1221.211842
1684.797509
1685.620983
1416.720311
1021.381921
2393.963112
1260.566585
1649.447212
1052.727286
759.8276856
1849.028717
629.8853146
2211.828082
711.7803998
1115.951072
797.4190679
1195.423159
2021.886644
876.7968442
2215.518294
2199.862476
1337.075309
1583.726788
1149.434568
2177.530312
1005.510011
1865.67222
2236.305261
1663.843023
1122.505934
2360.697857
2027.379723
1228.630846
2445.667993
1753.257474
379.6310267
2250.953912
1550.811359
1049.886921
1452.381702
370.4766246
2275.726901
1957.946468
1985.821639
1750.330005
3022.059723
2167.111667
1936.508118
915.0457434
909.5171396
1625.117315
1113.530779
2099.901131
2095.805811
2104.347336
984.2000673
919.7828382
1092.590913
1208.113755
2039.496258
1443.730469
1775.080506
848.4124491
1349.081763
1872.093659
1414.669457
1578.248291
1821.190616
1176.133284
1355.926095
1754.310612
1631.145761
1679.460555
1513.585571
1831.088288
1725.85155
1874.603822
1527.42956
1938.650119
1303.346705
1235.451944
699.5226747
1378.440518
2709.985504
1742.162151
1095.228532
1204.744943
824.9186881
1067.088203
1931.550237
846.3346615
2531.066199
1296.152385
1397.198974
1667.568175
1102.354179
1373.895314
1673.801801
2210.739397
943.8053858
1562.189116
1563.512903
1292.4921
1673.987031
1102.33767
2316.275212
1708.595812
1462.654511
2282.5405
2041.938668
1069.226138
1468.23497
1995.937496
1755.887346
1545.37668
1160.738751
1523.302264
1888.82821
1584.014047
1208.198848
1894.687527
917.7335464
1912.373155
2318.384265
1351.976122
1439.65521
1852.511405
1238.520596
2215.706362
758.4043778
425.4991296
1842.549265
2293.048229
905.3489929
1610.538481
2002.86007
2538.500987
1489.194914
966.2994251
1795.686324
2141.711471
1627.589313
1436.172139
1114.527411
2642.96248
1176.96183
1319.459373
1585.007722
1889.839862
1766.990536
1757.102663
2330.484534
1835.920237
1666.682512
1958.239947
2192.994238
1292.670624
1457.446881
951.685153
1966.991782
1125.831446
1443.97483
1120.570091
1233.933429
1513.217059
1513.998062
952.8840901
944.2838535
2647.806601
1659.961221
481.9987642
1294.103972
1519.494684
2171.122819
729.1666808
813.3015819
687.5335045
2050.286803
1275.770598
1819.820166
1405.967985
1683.318798
1482.483931
655.6516683
892.9530566
1708.410714
1725.337831
1568.845456
2110.476751
917.0176421
1034.423279
1971.922646
1894.248583
1147.636665
1731.582296
1760.7045
784.5340218
1124.065045
1937.244536
1070.527891
1909.149848
1706.47549
1631.596204
1966.9663
1269.233932
1734.012069
2018.248026
1110.41195
1905.212504
902.0082822
1582.495527
880.263224
1521.300712
2105.951862
893.1137237
1851.887913
663.2785377
708.1357498
1883.561898
1143.125287
2269.757649
2037.63125
2117.112438
2124.981629
1360.536726
2014.865789
1471.059803
1714.066095
1350.896287
1622.637619
1848.238396
1552.211955
2299.667693
1107.671443
651.9732522
1260.405068
594.0403318
1341.96567
1610.110737
1373.896904
2253.509009
903.7204292
827.1247534
1510.699698
1214.317099
1924.015654
1881.110015
1086.917107
1727.680215
383.4938473
1674.422083
2224.037557
2031.215057
1720.599321
1677.294337
1660.815783
1129.643059
686.8394371
1844.209615
939.6499775
1671.491063
1409.907826
905.8378362
1030.125413
1308.541726
2102.109747
1740.167611
1638.907472
1341.555456
1603.11875
1716.810243
1327.919505
1446.559428
1195.154577
1484.791969
1856.726849
2437.090054
1794.891982
916.1037627
1681.182316
892.4934734
2073.192013
1399.617571
2068.756782
1317.396495
1112.614181
1776.66152
1534.754374
1503.738509
2561.948413
1849.079752
1357.22031
1202.435813
1942.693078
1422.413094
973.5439303
847.856019
133.8864078
1696.522107
1779.115772
1063.602275
1139.397
2598.169713
1776.940487
1578.206864
1614.747675
2023.974116
708.8736
1744.81264
1634.338279
1902.638915
937.8807883
1068.121296
978.848262
909.4572229
1661.912363
2453.88976
1056.153509
1777.936567
1078.291446
1407.997359
1631.578522
1266.023971
1786.643531
312.0585215
1366.424307
1944.204007
798.759921
2090.135967
1340.881956
2446.413046
1535.195795
1398.150147
2084.381228
1381.982601
1419.259947
2009.951816
1433.670966
1600.445
687.0990321
1579.714402
2067.435944
1481.050418
1139.427079
1683.131246
2420.256352
2105.826468
1620.614737
2510.771005
1566.322345
616.502083
1213.854272
1321.617199
1295.57065
795.1693606
966.1564757
1940.158068
1169.22275
1795.894043
713.6011965
1695.680297
2116.214101
2016.220633
1628.320271
1522.185006
1514.244452
755.761789
1782.341265
1699.7776
1387.013901
2341.612422
1384.332383
939.6696746
1727.066784
1793.84605
1396.683593
1109.914028
1879.290159
2045.752196
1109.420136
1947.654806
2162.509812
1451.531187
1248.209428
1458.170617
1401.479591
1398.174039
1473.698952
1388.380183
1313.069243
1277.888444
2006.621334
1656.083066
2391.032841
2952.414505
1686.027361
2167.536464
1647.11815
1897.795929
2032.646869
1869.550576
1732.415474
636.1049874
1234.134227
1856.565684
1186.802901
1523.389773
413.0657905
1056.909225
1763.079738
1545.477972
1216.037258
1113.052643
827.7899761
888.553473
939.5629066
1720.417435
1535.030055
960.8981701
1669.107661
1377.948238
2345.115098
2038.080024
1699.625134
686.7991616
810.5611601
1407.787818
1392.965698
1961.68775
1511.28122
1717.854948
1142.087302
1454.141169
867.1473929
2415.739818
1544.630958
1191.765572
1930.171708
1345.293263
1882.364188
1187.223088
1438.814015
2121.674093
1467.361412
1597.331268
1702.420787
1968.36245
1066.864811
2218.687809
975.2633011
2382.335589
2014.035703
1920.959271
1472.452063
1576.34211
1405.184879
2021.710894
737.3512045
1381.307572
1255.717625
1063.693111
1750.798811
1129.762522
2114.285545
1415.595161
1193.286824
1184.223454
1461.054671
1672.341164
2109.634529
2309.630521
1536.113711
911.364661
1922.634145
1324.672312
1752.339902
3005.841788
751.0328833
1736.249992
353.9558803
1616.113355
1733.356629
894.7113345
1742.083092
2262.779291
1910.164452
1764.046828
2221.019953
1318.728818
1423.133743
1342.958498
1850.086006
1637.117027
1355.954829
702.6491685
1832.407345
1541.983883
1593.118031
710.4163364
1782.051375
920.0281147
1433.123302
1096.996314
1650.786423
1239.96766
1754.725525
1488.844503
1460.580578
1673.619445
708.3392092
2413.318425
1165.926893
1579.024247
1303.591829
1393.306378
2266.436486
431.4479452
968.0632515
3476.586969
1723.851352
1621.224874
2020.442227
1369.361196
1374.504612
1797.317486
1525.669422
2197.227246
1956.323212
1614.66221
593.4874308
1365.027293
1864.160455
1922.135542
2082.269421
1480.420875
2039.041947
1463.552757
1981.049548
1010.379424
2148.479665
1989.760308
1658.965597
2282.257536
1195.750436
507.5557337
1818.060073
1685.18253
1611.036031
2162.625461
1365.199498
1828.461463
1691.529228
1236.657393
1290.318062
2232.60122
2385.623231
1887.889704
811.9213098
1664.596717
1638.042638
651.0983817
1807.334058
1579.944559
1147.81056
1630.578901
1316.18406
1018.792381
2230.977691
483.7773927
812.7820433
990.3624737
1862.437004
1552.868648
1839.82734
1385.446058
1872.831137
2358.215728
2037.510286
1214.258176
1646.050494
1668.591311
1923.673275
1105.951139
1512.597815
1535.255361
1583.042103
1472.509095
1945.544354
2079.266412
975.2394845
1487.596316
1674.310023
2003.634307
1577.707181
1556.126131
1519.122624
1974.650519
1388.419455
1298.662128
2193.962091
2142.748603
1474.106934
1283.772321
1130.27907
2233.878348
1255.333166
859.7688918
2042.426548
811.4057296
1856.815901
1533.372237
1113.957584
1370.427363
1650.004771
1650.763316
1012.875974
1553.921008
2111.131216
941.6073205
1291.887132
1794.388394
1935.308403
1892.132257
690.4587715
1094.83897
1996.273791
1485.819212
1315.887892
1757.408357
1564.752414
1345.314797
1031.12848
1421.79309
2140.641556
1282.650031
1503.904499
1291.872881
234.7457752
1477.996827
1506.380488
1588.886778
1736.80645
1281.595905
1031.835025
1422.528998
1822.920574
1124.560759
1727.05851
1332.054143
1908.507708
2150.594562
1340.665826
1188.801582
987.2483387
1474.271406
2100.19835
1649.885857
2227.370006
1293.401339
1337.408405
826.2256763
1189.757563
1257.654096
861.3934002
672.0646623
568.5497991
1932.748729
1602.64254
2103.750284
2534.086646
1204.864843
1866.375661
1550.890856
1825.297682
1750.285671
1951.612331
1178.28847
1759.303979
2030.595238
1503.985662
1396.292288
1043.946225
1248.034962
1405.499551
2073.444948
971.5793394
1767.085872
1724.787003
335.374915
1816.671288
1106.045865
1821.587072
1900.754754
1947.528072
1173.804565
506.274666
1880.82347
856.5438068
1175.10608
2129.305576
1583.424333
1950.344647
2113.494863
2023.479597
1861.980298
1809.018628
1533.863398
1887.746579
762.7625876
788.5384685
1372.853088
1816.118917
1882.090522
696.954125
1871.265252
1823.219629
1189.273808
460.1963308
1137.949035
1122.20669
2273.560861
1727.960462
1944.265414
1947.697375
1680.523662
1309.102632
2344.951699
1773.108496
1499.31763
1798.73053
1898.562208
1792.268277
656.6651388
1559.144869
1653.511105
470.0707259
1455.780166
1493.684237
1921.914616
843.5323068
701.7225991
2057.81821
1346.609135
1860.97552
1051.933121
1559.322473
801.9274448
1171.198655
1141.576276
1666.671383
1788.504371
1815.175438
2570.673879
1652.324768
904.4628245
1892.593507
1600.224625
865.3417155
1528.722191
1066.431733
2267.033092
2144.546374
1186.474348
370.032613
1708.797247
1183.18266
1644.822033
1387.771128
1324.653558
1816.623613
1153.53674
1471.58379
2582.32106
2514.707897
783.8865573
1753.858316
1279.342126
1382.022897
1519.594787
1806.396916
1632.071282
1554.551154
2612.620235
2856.203659
1425.203816
1430.106456
1675.039318
1754.926015
833.4374481
2006.645466
1665.884631
2105.384617
1073.024013
347.2999703
1331.553658
1282.324926
1657.699889
1214.401275
869.9963695
1184.002202
1440.623639
452.1409648
1919.165121
1367.301656
926.7933318
1610.284406
1469.981149
1877.471598
1258.342874
1383.255818
1648.393881
849.8079621
866.4207731
-262.7009175
1961.318236
1549.512795
1780.203793
1510.890673
2192.322283
1699.147589
2448.261823
1961.502516
1480.127429
1495.669071
1891.825163
1903.902635
2267.816931
1968.470513
1885.398194
1700.56754
2017.426196
1032.669112
2037.847537
1188.824081
1390.585235
1209.006587
1651.81823
2187.672285
2183.424111
1865.693211
1426.402845
983.7473628
942.0032287
1784.241297
1867.709516
1460.234061
2264.055328
1335.523777
1157.224182
1227.842588
1377.675062
1592.521906
1413.606385
2187.342
1863.371652
929.6311233
1590.132101
1409.128371
1496.45949
253.5824794
1735.292767
1329.030862
1849.545106
1835.85759
1591.915212
797.3904574
1656.291118
2016.808466
1157.367448
2396.302585
1216.13692
1275.570106
1587.553515
1689.48946
600.1791106
1547.572659
2413.100003
1467.54688
1914.181808
608.5833096
428.0645658
1693.839672
213.7139183
1617.556645
1708.044493
1453.725291
1463.429597
2340.920791
1323.338501
2001.99817
1972.199362
1287.771854
1403.510534
1032.672871
2380.21507
1370.784422
2284.085442
1825.949795
1429.387206
1505.02441
1681.520786
790.4703887
1102.288919
1274.614163
1680.915015
1232.89567
1566.354307
2244.912272
1754.221507
1270.641728
1644.71344
1214.839234
862.5143493
549.9245539
1489.053826
1419.530151
2569.244483
2039.35038
2372.132203
777.5547095
862.0724483
2066.657451
1459.815591
965.060216
1250.020291
1661.307294
1518.521088
1716.910154
1117.81822
1370.905686
1936.573094
1808.138304
1417.238596
1102.697432
1705.251128
1120.776693
1574.499441
1369.676024
963.2316288
1503.210992
1662.611023
1284.227557
1599.151958
1850.283167
1219.325301
1656.04856
2036.568078
1533.449472
1812.040567
2271.001707
985.2713045
2064.239441
1516.382755
974.5345054
782.5996449
1674.969507
670.7782241
1815.758476
1907.723351
474.1153939
2281.136123
1947.245225
977.7661078
1495.655565
400.8975769
2246.165421
1964.599324
2137.672605
1393.387901
2058.507064
977.6562068
1374.829883
1947.884403
1447.71762
1213.737713
79.89638987
1854.951035
1061.952488
1936.188151
1357.755594
1003.895473
2363.097063
1337.064913
1374.618006
1001.657515
1903.408143
826.1803864
1372.156946
1924.118727
663.7035466
1358.649853
1714.191682
1303.13883
1793.938597
1557.267298
1995.005787
1981.017085
1628.598116
1452.422421
2346.942947
1164.149426
824.4941556
986.7786811
2330.18617
1052.1847
1344.962004
1133.022757
2395.006771
2345.960793
920.3243861
918.7160474
2327.059304
1568.822053
2167.056238
1775.540901
1577.943625
1063.07106
1047.684677
1603.923695
1292.74376
1610.869813
1996.703587
1576.074471
1255.861815
1583.575341
2328.806891
1904.007012
2059.853874
1753.050004
1214.440622
2183.643892
824.2008805
2470.971233
1088.512681
1612.524454
1684.187011
892.6315757
1358.334
1718.382067
1655.631034
1360.021183
2366.222246
1714.34352
1072.371776
1175.421418
1881.915062
662.1924059
2478.315014
1289.100503
1494.573114
1826.188529
1792.319602
1783.318014
1936.106549
1694.697418
1629.457734
1787.653152
1276.796665
955.3470603
2592.058372
2143.730912
991.8054757
1924.420852
994.0328695
1310.294326
1981.861465
1391.085267
1149.643284
1483.913576
44.08828274
1339.87181
2191.411094
1099.707479
1969.029085
1833.883978
2308.611263
797.3647839
2104.526242
1832.974211
1246.280518
1975.021207
1156.781199
1262.180217
2445.610375
2190.304765
1153.799821
449.8891195
1717.68546
2130.749169
1343.117091
1708.792662
882.4688054
727.0772257
2043.782631
1742.552444
1098.789426
1171.305662
1668.382409
662.3418256
1134.081218
928.8718868
1566.315593
998.5818344
803.6487753
1044.236793
988.6771664
1136.15579
1330.751304
2440.283359
1177.851875
969.0988356
1000.101419
1869.523758
2000.308437
1395.008849
1216.784167
1707.166685
664.1175658
1562.911167
795.5432947
1091.465275
2019.579751
1453.700829
651.9639481
1023.520829
1383.992991
1388.132497
1770.631747
1045.857892
534.9894418
1423.557986
1599.292275
1406.386771
848.6570123
1216.213192
869.2114822
1508.065306
1597.654064
1350.900696
1208.077317
1576.203191
1802.591253
1689.177425
1925.621086
1710.891991
1555.903612
1332.133147
1218.104311
2282.789327
1106.270624
1677.257108
1639.438182
1684.024959
1139.417793
455.7654285
2369.307816
702.3343194
2028.368096
685.6572861
1440.445987
1762.832704
990.1641462
1481.471018
1826.223752
1962.095783
1578.379144
2172.716125
1168.67049
1043.653662
624.2435619
358.8230707
1011.236818
1042.72517
1843.223322
1604.865756
1445.034525
1937.18036
571.796771
1857.102196
1628.239375
1747.446311
1750.500602
1585.311227
1274.374676
1429.01888
1641.547972
1976.658973
1781.642687
1140.528165
1157.524929
949.1975094
1030.869415
1724.063469
1862.172835
1966.591017
2997.532666
652.4280318
1311.16709
1551.252639
1063.5588
1346.241244
621.9136074
2124.180757
2160.156137
1703.045489
1167.245378
1457.67272
2034.593237
1375.094037
1363.289089
2048.898728
2232.360149
1633.832035
948.2122963
351.7760048
1688.81517
1371.274317
1403.205291
2055.28387
1738.146746
1590.886505
563.8234212
1431.54707
1642.490147
586.0335396
1620.785404
390.5173535
1519.591999
2264.803126
497.9978393
752.011903
1981.440262
1621.419879
752.9338956
350.7303572
2032.10251
2116.742054
1162.54932
1650.601156
1338.27913
1078.223681
424.3306058
909.2192444
923.8292272
1274.173812
1241.251618
1537.017725
1389.312932
774.2973351
1156.282975
1470.803408
1650.243264
2634.592162
994.7947277
1556.222976
737.9326634
927.9520721
1836.309843
1756.068172
1392.735891
1415.104934
1790.996485
1324.449246
1790.755846
882.8149061
342.9526837
1928.465497
1395.415078
1382.008037
1775.476097
1682.430497
1738.63283
2169.698957
1530.314544
801.2925085
1151.571503
1424.697464
2498.796794
1421.901039
1619.377394
1006.718418
2153.504415
1882.218728
2336.711608
1255.89433
1623.055734
1130.457611
1318.898781
1658.204734
2379.239768
2625.738726
1784.256427
2042.369476
1354.801112
1229.168206
1467.272493
2354.429158
593.2866625
640.4668119
1696.274371
1812.16787
2114.814628
1878.72839
1660.631626
1175.867446
2403.755699
1011.399403
2259.435324
2088.325307
1717.790528
1065.244108
2144.199462
2229.784544
2551.052523
1873.073261
2363.76156
1431.022836
1321.505894
1714.939248
2159.523977
1499.003131
1468.161016
1405.432819
1258.597287
515.3492636
1006.82776
1197.923661
594.3572266
760.4793563
1085.434523
1829.77366
1707.548437
1211.574706
1049.461864
1730.938393
1298.633699
1659.6669
2060.398077
1464.987878
1514.066253
1006.985996
418.2829823
1679.864316
1068.9656
649.8020036
2161.159932
1023.338746
1071.30577
874.5675205
2119.793433
1319.110589
1215.724914
1714.428137
1284.316867
1282.83634
1351.904862
1781.299465
236.1304412
1756.665346
1580.006857
2039.227454
1516.898604
1506.562324
878.0639064
2133.980978
1262.49701
1371.001262
1868.07019
2134.968115
1444.835289
2056.993742
1592.362052
1658.517717
869.8972358
1834.89679
1838.826469
1515.444516
1575.211198
1080.772916
2210.590687
1728.305317
1172.893136
1372.154334
1758.436703
1233.479181
1538.422657
1711.657318
1063.972774
1550.803665
1462.568209
682.2634863
1256.874947
2337.281239
1148.778649
1874.810933
882.5953252
1590.007776
934.5797451
1818.234755
1434.830489
1566.27561
1587.598568
1482.888616
1628.998277
1790.051141
966.2052353
1352.492794
2606.696844
1858.782251
1184.104608
1952.928067
53.0974789
2095.357148
1706.099241
1689.746882
1425.747654
969.3827629
2120.511188
247.5464914
1149.904843
967.0946941
1447.995509
2059.701969
449.3949766
1429.834914
804.6774796
1356.62118
2648.45674
939.1679927
2239.816121
1699.033819
941.4100563
659.6477735
1509.790811
2300.080556
1283.077087
1543.878864
351.4302212
1586.673292
1567.5517
1545.995369
860.2057134
349.5702945
1117.865039
940.159024
1415.405385
976.0704056
1341.930702
1712.282997
1317.433292
2140.479574
1013.482682
1200.226422
1945.187573
649.0524868
947.4341747
1154.568001
1691.465109
990.5153049
1530.462064
1633.36795
2159.09802
1632.239331
343.4971011
2045.010923
1770.205639
1392.159548
1643.349515
2442.587997
929.4832534
1425.526487
1989.130245
1938.630602
1140.422179
1741.839402
1800.626185
1674.220661
1427.714159
2436.259736
1862.352147
1751.128093
2224.069263
1769.624932
1573.207043
2050.087705
2345.783684
2314.770654
863.7562296
1047.223646
926.244287
2251.075199
2230.086104
1055.499487
1715.233757
946.5478156
1911.383303
1072.636859
1280.0424
1194.725137
1164.147574
1211.498543
668.7161715
2520.748971
1620.883305
1141.512562
1639.609167
1887.339185
1126.332157
1248.521013
1409.59487
1805.47493
1634.435791
415.9118979
1905.3533
1043.649662
1835.372944
2369.657697
1562.292217
688.7575716
1604.834138
2403.341778
1656.042871
380.7132776
1105.606254
1824.864112
721.4461232
1693.769822
677.6798961
1110.882395
1399.630245
1207.802891
786.0681234
1536.348827
1417.796262
1931.269055
2043.770268
1964.640809
1834.49094
1871.183206
1500.579603
2256.377404
2061.947187
1936.411235
1297.919489
902.8163505
1194.765855
1794.201638
991.2763808
1893.588962
568.7113451
1623.23417
1841.62521
1426.507948
1524.617577
1381.012414
1136.326144
1111.601402
1537.413605
2216.787239
1629.854718
2717.599979
577.2367428
2052.375846
1697.011819
502.4080862
1749.561733
1193.357378
2443.710314
981.0245448
1397.046771
1677.215283
1801.168536
1835.570277
1086.622309
775.0861932
2365.468514
1173.535753
1871.152608
949.0895624
2221.524073
2155.617691
1421.100073
2361.864062
1903.597351
1911.636837
372.5278469
1349.692764
2044.542385
849.6536068
1395.322593
1524.594636
661.1324331
166.388021
1698.803398
1611.106767
1390.445134
1237.055104
2421.153796
1889.804158
1295.279628
1545.137209
1444.685315
1204.202917
954.0177343
1401.960533
1340.304452
2277.844152
1517.723624
1151.807892
1328.434215
1508.220331
867.0246873
2383.511588
1617.639645
1573.597775
963.283629
1486.299666
1433.747319
1707.316121
831.4997516
2345.712377
478.1891028
1730.384832
2046.169931
910.2571889
1165.357356
813.1567028
844.2380585
1606.085905
1843.777658
1310.022175
1273.094348
1693.55339
2523.181231
1772.67441
1178.605138
1429.815483
1328.778766
1992.133556
1308.558564
2341.596362
837.9428385
1437.060913
1142.80716
1152.076878
2059.67573
1727.158327
1162.503267
1070.703503
2124.28421
1525.729413
1445.967141
1422.668262
1698.832961
1600.305439
2117.967591
1480.538323
1715.916922
2386.180784
2116.007351
1307.468939
1059.55209
743.2683263
1864.153348
1027.19977
711.4767071
1376.29435
1252.067965
1230.86639
1426.567906
1640.28926
1444.97853
1929.078707
2597.618131
904.7006798
1986.92599
1589.923085
609.8095551
1932.439739
1045.767188
502.065177
690.9494467
1586.293064
1896.924007
1118.188609
2096.849422
1241.179465
1256.699659
1652.336655
1152.78703
1288.999593
1227.641473
1798.524866
2011.841458
2133.548957
1941.301729
2359.142151
1618.995246
1538.035661
1103.811709
1974.460108
579.2314028
1574.536414
1369.41342
1090.615396
2162.788066
2508.849246
1580.028926
1802.58606
1672.340345
2018.303892
1261.274637
1640.948774
2292.068507
1230.555137
992.4149638
2277.780849
1645.95082
1053.290613
1567.436257
2104.443937
1424.908168
719.3100949
1334.412155
1928.813633
1226.653915
1869.571531
1666.492421
1209.961828
1653.752089
1357.652347
1062.186294
850.4833067
1035.91505
1269.333203
1512.144025
1497.288213
1849.785055
1870.64098
1915.917753
2794.709988
884.9492748
2030.787419
905.4990661
687.2695799
1362.676406
1141.946165
2202.067186
1145.213402
1410.786014
1203.273681
2809.289964
1897.260014
2661.623035
2115.243873
915.2643277
465.8794114
1497.076433
1019.143126
2242.578218
920.0948782
704.7671925
939.7456002
907.7027332
1729.206607